SIZE: 600000000
samples: 100
mean_gc: 0.0
min: 0.650360899
max: 0.844458891
median: 0.741033115
mean: 0.7509328444
variation: 0.05282176988730313
