SIZE: 800000000
samples: 100
mean_gc: 0.042772496
min: 2.274145551
max: 4.340114998
median: 3.797843676
mean: 3.44793901283
variation: 0.6763485640344129
