SIZE: 800000000
samples: 100
mean_gc: 0.00024211147
min: 0.866683186
max: 1.101541488
median: 0.976918509
mean: 0.95801882191
variation: 0.07657605300654938
