SIZE: 200000000
samples: 100
mean_gc: 0.0
min: 0.217394405
max: 0.286514081
median: 0.2428285505
mean: 0.24595645053999998
variation: 0.02008741525522818
