SIZE: 1000000000
samples: 100
mean_gc: 0.00024106743
min: 1.081525382
max: 1.229683573
median: 1.081714193
mean: 1.10520141277
variation: 0.05274286395349119
