SIZE: 800000000
samples: 100
mean_gc: 0.039420094100000004
min: 2.274081393
max: 3.761904963
median: 2.274467536
mean: 2.5045458411999997
variation: 0.5100191078731918
