SIZE: 400000000
samples: 100
mean_gc: 0.0
min: 1.13985511
max: 1.167786054
median: 1.140128678
mean: 1.14078055303
variation: 0.002791956892178151
