SIZE: 600000000
samples: 100
mean_gc: 0.0352135509
min: 1.709390341
max: 3.291238725
median: 2.919179458
mean: 2.892888943
variation: 0.1894813049529363
