SIZE: 400000000
samples: 100
mean_gc: 0.0
min: 0.433797975
max: 0.56362187
median: 0.491921704
mean: 0.49956942570999996
variation: 0.03985486401816978
