SIZE: 1000000000
samples: 100
mean_gc: 0.03971950572
min: 2.840517545
max: 2.86113565
median: 2.8407591335
mean: 2.84154650785
variation: 0.0026374904599474522
