SIZE: 1000000000
samples: 100
mean_gc: 0.03999781479
min: 2.840259428
max: 2.896180476
median: 2.840430374
mean: 2.8424934955
variation: 0.008613333547438318
