SIZE: 200000000
samples: 100
mean_gc: 0.0017379378600000002
min: 0.573546638
max: 0.861528568
median: 0.5744258405
mean: 0.5806252961799999
variation: 0.03441571516069879
